   -83.51019    34.999400     1     1 
   -83.50186    34.999400     1     2 
   -83.49353    34.999400     1     3 
   -83.48519    34.999400     1     4 
   -83.47686    34.999400     1     5 
   -83.46853    34.999400     1     6 
   -83.46020    34.999400     1     7 
   -83.45186    34.999400     1     8 
   -83.44353    34.999400     1     9 
   -83.43520    34.999400     1    10 
   -83.42686    34.999400     1    11 
   -83.41853    34.999400     1    12 
   -83.41020    34.999400     1    13 
   -83.40186    34.999400     1    14 
   -83.39353    34.999400     1    15 
   -83.38520    34.999400     1    16 
   -83.51019    35.007733     1    17 
   -83.50186    35.007733     1    18 
   -83.49353    35.007733     1    19 
   -83.48519    35.007733     1    20 
   -83.47686    35.007733     1    21 
   -83.46853    35.007733     1    22 
   -83.46020    35.007733     1    23 
   -83.45186    35.007733     1    24 
   -83.44353    35.007733     1    25 
   -83.43520    35.007733     1    26 
   -83.42686    35.007733     1    27 
   -83.41853    35.007733     1    28 
   -83.41020    35.007733     1    29 
   -83.40186    35.007733     1    30 
   -83.39353    35.007733     1    31 
   -83.38520    35.007733     1    32 
   -83.51019    35.016066     1    33 
   -83.50186    35.016066     1    34 
   -83.49353    35.016066     1    35 
   -83.48519    35.016066     1    36 
   -83.47686    35.016066     1    37 
   -83.46853    35.016066     1    38 
   -83.46020    35.016066     1    39 
   -83.45186    35.016066     1    40 
   -83.44353    35.016066     1    41 
   -83.43520    35.016066     1    42 
   -83.42686    35.016066     1    43 
   -83.41853    35.016066     1    44 
   -83.41020    35.016066     1    45 
   -83.40186    35.016066     1    46 
   -83.39353    35.016066     1    47 
   -83.38520    35.016066     1    48 
   -83.51019    35.024399     1    49 
   -83.50186    35.024399     1    50 
   -83.49353    35.024399     1    51 
   -83.48519    35.024399     1    52 
   -83.47686    35.024399     1    53 
   -83.46853    35.024399     1    54 
   -83.46020    35.024399     1    55 
   -83.45186    35.024399     1    56 
   -83.44353    35.024399     1    57 
   -83.43520    35.024399     1    58 
   -83.42686    35.024399     1    59 
   -83.41853    35.024399     1    60 
   -83.41020    35.024399     1    61 
   -83.40186    35.024399     1    62 
   -83.39353    35.024399     1    63 
   -83.38520    35.024399     1    64 
   -83.51019    35.032732     1    65 
   -83.50186    35.032732     1    66 
   -83.49353    35.032732     1    67 
   -83.48519    35.032732     1    68 
   -83.47686    35.032732     1    69 
   -83.46853    35.032732     1    70 
   -83.46020    35.032732     1    71 
   -83.45186    35.032732     1    72 
   -83.44353    35.032732     1    73 
   -83.43520    35.032732     1    74 
   -83.42686    35.032732     1    75 
   -83.41853    35.032732     1    76 
   -83.41020    35.032732     1    77 
   -83.40186    35.032732     1    78 
   -83.39353    35.032732     1    79 
   -83.38520    35.032732     1    80 
   -83.51019    35.041065     1    81 
   -83.50186    35.041065     1    82 
   -83.49353    35.041065     1    83 
   -83.48519    35.041065     1    84 
   -83.47686    35.041065     1    85 
   -83.46853    35.041065     1    86 
   -83.46020    35.041065     1    87 
   -83.45186    35.041065     1    88 
   -83.44353    35.041065     1    89 
   -83.43520    35.041065     1    90 
   -83.42686    35.041065     1    91 
   -83.41853    35.041065     1    92 
   -83.41020    35.041065     1    93 
   -83.40186    35.041065     1    94 
   -83.39353    35.041065     1    95 
   -83.38520    35.041065     1    96 
   -83.51019    35.049398     1    97 
   -83.50186    35.049398     1    98 
   -83.49353    35.049398     1    99 
   -83.48519    35.049398     1   100 
   -83.47686    35.049398     1   101 
   -83.46853    35.049398     1   102 
   -83.46020    35.049398     1   103 
   -83.45186    35.049398     1   104 
   -83.44353    35.049398     1   105 
   -83.43520    35.049398     1   106 
   -83.42686    35.049398     1   107 
   -83.41853    35.049398     1   108 
   -83.41020    35.049398     1   109 
   -83.40186    35.049398     1   110 
   -83.39353    35.049398     1   111 
   -83.38520    35.049398     1   112 
   -83.51019    35.057731     1   113 
   -83.50186    35.057731     1   114 
   -83.49353    35.057731     1   115 
   -83.48519    35.057731     1   116 
   -83.47686    35.057731     1   117 
   -83.46853    35.057731     1   118 
   -83.46020    35.057731     1   119 
   -83.45186    35.057731     1   120 
   -83.44353    35.057731     1   121 
   -83.43520    35.057731     1   122 
   -83.42686    35.057731     1   123 
   -83.41853    35.057731     1   124 
   -83.41020    35.057731     1   125 
   -83.40186    35.057731     1   126 
   -83.39353    35.057731     1   127 
   -83.38520    35.057731     1   128 
   -83.51019    35.066064     1   129 
   -83.50186    35.066064     1   130 
   -83.49353    35.066064     1   131 
   -83.48519    35.066064     1   132 
   -83.47686    35.066064     1   133 
   -83.46853    35.066064     1   134 
   -83.46020    35.066064     1   135 
   -83.45186    35.066064     1   136 
   -83.44353    35.066064     1   137 
   -83.43520    35.066064     1   138 
   -83.42686    35.066064     1   139 
   -83.41853    35.066064     1   140 
   -83.41020    35.066064     1   141 
   -83.40186    35.066064     1   142 
   -83.39353    35.066064     1   143 
   -83.38520    35.066064     1   144 
   -83.51019    35.074397     1   145 
   -83.50186    35.074397     1   146 
   -83.49353    35.074397     1   147 
   -83.48519    35.074397     1   148 
   -83.47686    35.074397     1   149 
   -83.46853    35.074397     1   150 
   -83.46020    35.074397     1   151 
   -83.45186    35.074397     1   152 
   -83.44353    35.074397     1   153 
   -83.43520    35.074397     1   154 
   -83.42686    35.074397     1   155 
   -83.41853    35.074397     1   156 
   -83.41020    35.074397     1   157 
   -83.40186    35.074397     1   158 
   -83.39353    35.074397     1   159 
   -83.38520    35.074397     1   160 
   -83.51019    35.082730     1   161 
   -83.50186    35.082730     1   162 
   -83.49353    35.082730     1   163 
   -83.48519    35.082730     1   164 
   -83.47686    35.082730     1   165 
   -83.46853    35.082730     1   166 
   -83.46020    35.082730     1   167 
   -83.45186    35.082730     1   168 
   -83.44353    35.082730     1   169 
   -83.43520    35.082730     1   170 
   -83.42686    35.082730     1   171 
   -83.41853    35.082730     1   172 
   -83.41020    35.082730     1   173 
   -83.40186    35.082730     1   174 
   -83.39353    35.082730     1   175 
   -83.38520    35.082730     1   176 
   -83.51019    35.091063     1   177 
   -83.50186    35.091063     1   178 
   -83.49353    35.091063     1   179 
   -83.48519    35.091063     1   180 
   -83.47686    35.091063     1   181 
   -83.46853    35.091063     1   182 
   -83.46020    35.091063     1   183 
   -83.45186    35.091063     1   184 
   -83.44353    35.091063     1   185 
   -83.43520    35.091063     1   186 
   -83.42686    35.091063     1   187 
   -83.41853    35.091063     1   188 
   -83.41020    35.091063     1   189 
   -83.40186    35.091063     1   190 
   -83.39353    35.091063     1   191 
   -83.38520    35.091063     1   192 
   -83.51019    35.099396     1   193 
   -83.50186    35.099396     1   194 
   -83.49353    35.099396     1   195 
   -83.48519    35.099396     1   196 
   -83.47686    35.099396     1   197 
   -83.46853    35.099396     1   198 
   -83.46020    35.099396     1   199 
   -83.45186    35.099396     1   200 
   -83.44353    35.099396     1   201 
   -83.43520    35.099396     1   202 
   -83.42686    35.099396     1   203 
   -83.41853    35.099396     1   204 
   -83.41020    35.099396     1   205 
   -83.40186    35.099396     1   206 
   -83.39353    35.099396     1   207 
   -83.38520    35.099396     1   208 
   -83.51019    35.107729     1   209 
   -83.50186    35.107729     1   210 
   -83.49353    35.107729     1   211 
   -83.48519    35.107729     1   212 
   -83.47686    35.107729     1   213 
   -83.46853    35.107729     1   214 
   -83.46020    35.107729     1   215 
   -83.45186    35.107729     1   216 
   -83.44353    35.107729     1   217 
   -83.43520    35.107729     1   218 
   -83.42686    35.107729     1   219 
   -83.41853    35.107729     1   220 
   -83.41020    35.107729     1   221 
   -83.40186    35.107729     1   222 
   -83.39353    35.107729     1   223 
   -83.38520    35.107729     1   224 
